x		y		xy		x^2		y^2

-11.0		-65.3		718.3		121.0		4264.09
-9.33		-56.78		529.76		87.05		3223.97
-7.66		-47.26		362.01		58.68		2233.51
-6.0		-37.21		223.26		36.0		1384.58
-4.33		-27.9		120.81		18.75		778.41
-2.66		-18.39		48.92		7.08		338.19
-1.0		-9.27		9.27		1.0		85.93
0.66		0.08		0.05		0.44		0.01
2.33		9.4		21.91		5.43		88.44
4.0		18.93		75.72		16.0		358.34
5.66		27.86		157.69		32.04		776.18
7.33		37.78		276.93		53.73		1427.33
9.0		46.64		419.76		81.0		2175.29
10.6		56.69		600.91		112.36		3213.76
------------------------------------------------------------------------------
-2.4		-64.72		3565.3		630.54		20348.03

NUMBER OF ITEMS n = 14

CORRELATION COEFFIECIENT r = 0.999963352366

SLOPE m = 5.64045642077

Y-INTERCEPT b = -3.6562788993

LEAST SQUARES EQUATION (y = mx+b) is: 	y = 5.64045642077x + -3.6562788993
